0000 
37761016 
32598 
43806720 
32598 
-878011112 
32765 
-878011116 
32765 
41705441 
32598 
20320 
0000 
4195726 
0000 
4195360 
0000 
-878011112 
32765 
233523745 
0000 
3648808 
0000 
0033 
0000 
-878010896 
32765 
37761016 
32598 
37707136 
32598 
-878011116 
32765 
-878010912 
32765 
43808008 
32598 
0000 
0000 
0003 
0000 
0068 
0000 
0004 
0000 
0000 
0000 
1836992 
0000 
43922624 
32598 
-878010752 
32765 
43808080 
32598 
0000 
0000 
43921768 
32598 
-878010712 
32765 
41708319 
32598 
0001 
0000 
43808080 
32598 
0001 
0000 
0000 
0000 
0001 
0000 
43921768 
32598 
0000 
0000 
0000 
0000 
0000 
0000 
0000 
0000 
43922624 
32598 
-878010896 
32765 
43806720 
0001 
-878010912 
32765 
233523745 
0000 
4195726 
0000 
-0001 
0000 
8192 
0000 
37757416 
32598 
43806720 
32598 
0000 
0000 
0000 
0000 
0000 
0000 
0000 
0000 
0000 
909718070 
0000 
0000 
-878010768 
32765 
0000 
0000 
4198887 
0000 
-878010472 
32765 
0000 
0000 
6299784 
0000 
4196928 
0000 
-878009424 
32765 
0000 
0000 
0000 
0000 
-878009648 
32765 
41728710 
32598 
0001 
0000 
0000 
0000 
-0001 
-0001 
37757416 
32598 
-878010288 
32765 
41761059 
32598 
0255 
0000 
0000 
0000 
0000 
0000 
0000 
0000 
623191333 
623191333 
623191333 
623191333 
0000 
0000 
0000 
0000 
0000 
0000 
0000 
0000 
0000 
0000 
0000 
0000 
0000 
0000 
0000 
0000 
0000 
0000 
0000 
0000 
0255 
0000 
0000 
0000 
0000 
0000 
0000 
0000 
0000 
0000 
0000 
0000 
0000 
0000 
0000 
0000 
0000 
0000 
0000 
0000 
0000 
0000 
0000 
0000 
0000 
0000 
0000 
0000 
0000 
0000 
0000 
0000 
6296 
0000 
43916448 
32598 
0000 
0000 
0001 
0000 
0000 
0000 
0000 
0000 
-878009648 
32765 
4196928 
0000 
-878010192 
32765 
2147483640 
0000 
4198892 
0000 
0432 
0000 
-878010192 
32765 
0000 
0000 
0007 
0000 
0000 
0000 
0000 
0000 
1433938944 
-1756981756 
0000 
0000 
4196928 
0000 
-878009648 
32765 
4197985 
0000 
-878009416 
32765 
43808080 
0004 
0099 
0010 
6296 
0120 
0003 
0003 
0000 
0000 
0001 
0000 
9933856 
0000 
913534561 
3553586 
0000 
0000 
3276849 
3407923 
3538997 
3670071 
960036921 
0000 
-878009856 
32765 
-877063504 
32765 
0000 
0000 
43922624 
32598 
-878010064 
32765 
43923240 
0001 
-878010080 
32765 
-163754450 
0000 
4195733 
0000 
-0001 
0000 
0000 
0000 
37757968 
32598 
43806720 
32598 
-878009712 
32765 
-878009616 
32765 
0000 
0000 
43923200 
32598 
-878009672 
32765 
41708319 
32598 
0000 
0000 
-878009616 
32765 
0000 
0000 
0000 
0000 
0000 
0000 
6299760 
0000 
4196928 
0000 
-878009424 
32765 
0000 
0000 
0000 
0000 
0000 
0000 
41728710 
32598 
0001 
0000 
0000 
0000 
1700966438 
0000 
37757968 
32598 
-878009472 
32765 
41761059 
32598 
65280 
0000 
0000 
0000 
0000 
0000 
0000 
0000 
791621423 
791621423 
791621423 
791621423 
0000 
0000 
0000 
0000 
0000 
0000 
0000 
0000 
0000 
0000 
0000 
0000 
0000 
0000 
0255 
-16776961 
0000 
0000 
0000 
0000 
1835627636 
1600061541 
1869833334 
1952802655 
0001 
0000 
4198733 
0000 
0000 
0000 
0000 
0000 
4198656 
0000 
4196928 
0000 
-878009424 
32765 
1433938944 
-1756981756 
4198656 
0000 
37824560 
32598 
0000 
0000 
-878009416 
32765 
0000 
0004 
4197194 
0000 
0000 
0000 
1824941161 
-1560256312 
4196928 
0000 
-878009424 
32765 
0000 
0000 
0000 
0000 
184968297 
1560016669 
18244713 
1571579082 
0000 
0000 
0000 
0000 
0000 
0000 
0004 
0000 
4197194 
0000 
4198768 
0000 
0000 
0000 
0000 
0000 
4196928 
0000 
-878009424 
32765 
0000 
0000 
4196969 
0000 
-878009432 
32765 
0028 
0000 
0004 
0000 
-878001696 
32765 
-878001687 
32765 
-878001683 
32765 
-878001680 
32765 
0000 
0000 
-878001659 
32765 
-878001648 
32765 
-878001627 
32765 
-878001604 
32765 
-878001586 
32765 
-878001537 
32765 
-878001513 
32765 
-878001491 
32765 
-878001441 
32765 
-878001421 
32765 
-878001404 
32765 
-878001388 
32765 
-878001353 
32765 
-878001335 
32765 
-878001312 
32765 
-878001244 
32765 
-878001221 
32765 
-878001176 
32765 
-878001165 
32765 
-877999749 
32765 
-877999724 
32765 
-877999705 
32765 
-877999647 
32765 
-877999595 
32765 
-877999554 
32765 
-877999503 
32765 
-877999435 
32765 
-877999412 
32765 
-877999269 
32765 
-877999251 
32765 
-877999218 
32765 
-877999188 
32765 
-877999167 
32765 
-877999125 
32765 
-877999107 
32765 
-877999087 
32765 
-877999068 
32765 
-877999051 
32765 
-877999036 
32765 
-877998982 
32765 
-877998955 
32765 
-877998926 
32765 
-877998908 
32765 
-877998890 
32765 
-877998864 
32765 
-877998833 
32765 
-877998825 
32765 
-877998808 
32765 
-877998793 
32765 
-877998778 
32765 
-877998734 
32765 
-877998716 
32765 
-877998684 
32765 
-877998657 
32765 
-877998643 
32765 
-877998583 
32765 
-877998460 
32765 
-877998442 
32765 
-877998421 
32765 
-877998389 
32765 
-877998374 
32765 
-877998340 
32765 
-877998309 
32765 
-877998298 
32765 
-877998272 
32765 
-877998253 
32765 
-877998219 
32765 
-877998199 
32765 
-877998179 
32765 
-877998144 
32765 
-877998107 
32765 
0000 
0000 
0033 
0000 
-877064192 
32765 
0016 
0000 
-1075053569 
0000 
0006 
0000 
4096 
0000 
0017 
0000 
0100 
0000 
0003 
0000 
4194368 
0000 
0004 
0000 
0056 
0000 
0005 
0000 
0009 
0000 
0007 
0000 
41664512 
32598 
0008 
0000 
0000 
0000 
0009 
0000 
4196928 
0000 
0011 
0000 
1000 
0000 
0012 
0000 
1000 
0000 
0013 
0000 
1000 
0000 
0014 
0000 
1000 
0000 
0023 
0000 
0000 
0000 
0025 
0000 
-878008471 
32765 
0026 
0000 
0000 
0000 
0031 
0000 
-877998097 
32765 
0015 
0000 
-878008455 
32765 
0000 
0000 
0000 
0000 
0000 
0000 
2016202240 
1184236629 
606561175 
886145072 
909670450 
3421791 
0000 
0000 
0000 
0000 
0000 
0000 
0000 
0000 
0000 
0000 
0000 
0000 
0000 
0000 
0000 
0000 
0000 
0000 
0000 
0000 
0000 
0000 
0000 
0000 
0000 
0000 
0000 
0000 
0000 
0000 
0000 
0000 
0000 
0000 
0000 
0000 
0000 
0000 
0000 
0000 
0000 
0000 
0000 
0000 
0000 
0000 
0000 
0000 
0000 
0000 
0000 
0000 
0000 
0000 
0000 
0000 
0000 
0000 
0000 
0000 
0000 
0000 
0000 
0000 
0000 
0000 
0000 
0000 
0000 
0000 
0000 
0000 
0000 
0000 
0000 
0000 
0000 
0000 
0000 
0000 
0000 
0000 
0000 
0000 
0000 
0000 
0000 
0000 
0000 
0000 
0000 
0000 
0000 
0000 
0000 
0000 
0000 
0000 
0000 
0000 
0000 
0000 
0000 
0000 
0000 
0000 
0000 
0000 
0000 
0000 
0000 
0000 
0000 
0000 
0000 
0000 
0000 
0000 
0000 
0000 
0000 
0000 
0000 
0000 
0000 
0000 
0000 
0000 
0000 
0000 
0000 
0000 
0000 
0000 
0000 
0000 
0000 
0000 
0000 
0000 
0000 
0000 
0000 
0000 
0000 
0000 
0000 
0000 
0000 
0000 
0000 
0000 
0000 
0000 
0000 
0000 
0000 
0000 
0000 
0000 
0000 
0000 
0000 
0000 
0000 
0000 
0000 
0000 
0000 
0000 
0000 
0000 
0000 
0000 
0000 
0000 
0000 
0000 
0000 
0000 
0000 
0000 
0000 
0000 
0000 
0000 
0000 
0000 
0000 
0000 
0000 
0000 
0000 
0000 
0000 
0000 
0000 
0000 
0000 
0000 
0000 
0000 
0000 
0000 
0000 
0000 
0000 
0000 
0000 
0000 
0000 
0000 
0000 
0000 
0000 
0000 
0000 
0000 
0000 
0000 
0000 
0000 
0000 
0000 
0000 
0000 
0000 
0000 
0000 
0000 
0000 
0000 
0000 
0000 
0000 
0000 
0000 
0000 
0000 
0000 
0000 
0000 
0000 
0000 
0000 
0000 
0000 
0000 
0000 
0000 
0000 
0000 
0000 
0000 
0000 
0000 
0000 
0000 
0000 
0000 
0000 
0000 
0000 
0000 
0000 
0000 
0000 
0000 
0000 
0000 
0000 
0000 
0000 
0000 
0000 
0000 
0000 
0000 
0000 
0000 
0000 
0000 
0000 
0000 
0000 
0000 
0000 
0000 
0000 
0000 
0000 
0000 
0000 
0000 
0000 
0000 
0000 
0000 
0000 
0000 
0000 
0000 
0000 
0000 
0000 
0000 
0000 
0000 
0000 
-587546632 
32588 
-581500928 
32588 
230977336 
32765 
230977332 
32765 
-583602207 
32588 
20320 
0000 
4195726 
0000 
4195360 
0000 
230977336 
32765 
233523745 
0000 
3648808 
0000 
0033 
0000 
230977552 
32765 
-587546632 
32588 
-587600512 
32588 
230977332 
32765 
230977536 
32765 
-581499640 
32588 
0000 
0000 
0003 
0000 
0068 
0000 
0004 
0000 
0000 
0000 
1836992 
0000 
-581385024 
32588 
230977696 
32765 
-581499568 
32588 
0000 
0000 
-581385880 
32588 
230977736 
32765 
-583599329 
32588 
0001 
0000 
-581499568 
32588 
0001 
0000 
0000 
0000 
0001 
0000 
-581385880 
32588 
0000 
0000 
0000 
0000 
0000 
0000 
0000 
0000 
-581385024 
32588 
230977552 
32765 
-581500928 
0001 
230977536 
32765 
233523745 
0000 
4195726 
0000 
-0001 
0000 
8192 
0000 
-587550232 
32588 
-581500928 
32588 
0000 
0000 
0000 
0000 
0000 
0000 
0000 
0000 
0000 
842019638 
0000 
0000 
230977680 
32765 
0000 
0000 
4198887 
0000 
230977976 
32765 
0000 
0000 
6299784 
0000 
4196928 
0000 
230979024 
32765 
0000 
0000 
0000 
0000 
230978800 
32765 
-583578938 
32588 
0001 
0000 
0000 
0000 
-0001 
-0001 
-587550232 
32588 
230978160 
32765 
-583546589 
32588 
0255 
0000 
0000 
0000 
0000 
0000 
0000 
0000 
623191333 
623191333 
623191333 
623191333 
0000 
0000 
0000 
0000 
0000 
0000 
0000 
0000 
0000 
0000 
0000 
0000 
0000 
0000 
0000 
0000 
0000 
0000 
0000 
0000 
0255 
0000 
0000 
0000 
0000 
0000 
0000 
0000 
0000 
0000 
0000 
0000 
0000 
0000 
0000 
0000 
0000 
0000 
0000 
0000 
0000 
0000 
0000 
0000 
0000 
0000 
0000 
0000 
0000 
0000 
0000 
0000 
6302 
0000 
-581391200 
32588 
0000 
0000 
0001 
0000 
0000 
0000 
0000 
0000 
230978800 
32765 
4196928 
0000 
230978256 
32765 
2147483640 
0000 
4198892 
0000 
0432 
0000 
230978256 
32765 
0000 
0000 
0007 
0000 
0000 
0000 
0000 
0000 
1153558528 
-323072 
0000 
0000 
4196928 
0000 
230978800 
32765 
4197985 
0000 
230979032 
32765 
-581499568 
0004 
0099 
0005 
6302 
0120 
0003 
0003 
0000 
0000 
0001 
0000 
15152160 
0000 
913534561 
3289139 
0000 
0000 
3342385 
3604533 
-581435335 
32588 
0038 
0000 
230978592 
32765 
231834288 
32765 
0000 
0000 
-581385024 
32588 
230978384 
32765 
-581384408 
0001 
230978368 
32765 
-163754450 
0000 
4195733 
0000 
-0001 
0000 
0000 
0000 
-587549680 
32588 
-581500928 
32588 
230978736 
32765 
230978832 
32765 
0000 
0000 
-581384448 
32588 
230978776 
32765 
-583599329 
32588 
0000 
0000 
230978832 
32765 
0000 
0000 
0000 
0000 
0000 
0000 
6299760 
0000 
4196928 
0000 
230979024 
32765 
0000 
0000 
0000 
0000 
0000 
0000 
-583578938 
32588 
0001 
0000 
0000 
0000 
1700966438 
0000 
-587549680 
32588 
230978976 
32765 
-583546589 
32588 
65280 
0000 
0000 
0000 
0000 
0000 
0000 
0000 
791621423 
791621423 
791621423 
791621423 
0000 
0000 
0000 
0000 
0000 
0000 
0000 
0000 
0000 
0000 
0000 
0000 
0000 
0000 
0255 
16711935 
0000 
0000 
0000 
0000 
1835627636 
1600061541 
1869833334 
1952802655 
0001 
0000 
4198733 
0000 
0000 
0000 
0000 
0000 
4198656 
0000 
4196928 
0000 
230979024 
32765 
1153558528 
-323072 
4198656 
0000 
-587483088 
32588 
0000 
0000 
230979032 
32765 
0000 
0004 
4197194 
0000 
0000 
0000 
-1689029868 
-1853812946 
4196928 
0000 
230979024 
32765 
0000 
0000 
0000 
0000 
1397977876 
1853559846 
-696028396 
1863890521 
0000 
0000 
0000 
0000 
0000 
0000 
0004 
0000 
4197194 
0000 
4198768 
0000 
0000 
0000 
0000 
0000 
4196928 
0000 
230979024 
32765 
0000 
0000 
4196969 
0000 
230979016 
32765 
0028 
0000 
0004 
0000 
230982124 
32765 
230982133 
32765 
230982137 
32765 
230982139 
32765 
0000 
0000 
230982149 
32765 
230982160 
32765 
230982181 
32765 
230982204 
32765 
230982222 
32765 
230982271 
32765 
230982295 
32765 
230982317 
32765 
230982367 
32765 
230982387 
32765 
230982404 
32765 
230982420 
32765 
230982455 
32765 
230982473 
32765 
230982496 
32765 
230982564 
32765 
230982587 
32765 
230982632 
32765 
230982643 
32765 
230984059 
32765 
230984084 
32765 
230984103 
32765 
230984161 
32765 
230984213 
32765 
230984254 
32765 
230984305 
32765 
230984373 
32765 
230984396 
32765 
230984539 
32765 
230984557 
32765 
230984590 
32765 
230984620 
32765 
230984641 
32765 
230984683 
32765 
230984701 
32765 
230984721 
32765 
230984740 
32765 
230984757 
32765 
230984772 
32765 
230984826 
32765 
230984853 
32765 
230984882 
32765 
230984900 
32765 
230984918 
32765 
230984944 
32765 
230984975 
32765 
230984983 
32765 
230985000 
32765 
230985015 
32765 
230985030 
32765 
230985074 
32765 
230985092 
32765 
230985124 
32765 
230985151 
32765 
230985165 
32765 
230985225 
32765 
230985348 
32765 
230985366 
32765 
230985387 
32765 
230985419 
32765 
230985434 
32765 
230985468 
32765 
230985499 
32765 
230985510 
32765 
230985536 
32765 
230985555 
32765 
230985589 
32765 
230985609 
32765 
230985629 
32765 
230985664 
32765 
230985701 
32765 
0000 
0000 
0033 
0000 
231833600 
32765 
0016 
0000 
-1075053569 
0000 
0006 
0000 
4096 
0000 
0017 
0000 
0100 
0000 
0003 
0000 
4194368 
0000 
0004 
0000 
0056 
0000 
0005 
0000 
0009 
0000 
0007 
0000 
-583643136 
32588 
0008 
0000 
0000 
0000 
0009 
0000 
4196928 
0000 
0011 
0000 
1000 
0000 
0012 
0000 
1000 
0000 
0013 
0000 
1000 
0000 
0014 
0000 
1000 
0000 
0023 
0000 
0000 
0000 
0025 
0000 
230979977 
32765 
0026 
0000 
0000 
0000 
0031 
0000 
230985711 
32765 
0015 
0000 
230979993 
32765 
0000 
0000 
0000 
0000 
0000 
0000 
-1041753856 
-82706364 
-681793025 
-1974943609 
909670585 
3421791 
0000 
0000 
0000 
0000 
0000 
0000 
0000 
0000 
0000 
0000 
0000 
0000 
0000 
0000 
0000 
0000 
0000 
0000 
0000 
0000 
0000 
0000 
0000 
0000 
0000 
0000 
0000 
0000 
0000 
0000 
0000 
0000 
0000 
0000 
0000 
0000 
0000 
0000 
0000 
0000 
0000 
0000 
0000 
0000 
0000 
0000 
0000 
0000 
0000 
0000 
0000 
0000 
0000 
0000 
0000 
0000 
0000 
0000 
0000 
0000 
0000 
0000 
0000 
0000 
0000 
0000 
0000 
0000 
0000 
0000 
0000 
0000 
0000 
0000 
0000 
0000 
0000 
0000 
0000 
0000 
0000 
0000 
0000 
0000 
0000 
0000 
0000 
0000 
0000 
0000 
0000 
0000 
0000 
0000 
0000 
0000 
0000 
0000 
0000 
0000 
0000 
0000 
0000 
0000 
0000 
0000 
0000 
0000 
0000 
0000 
0000 
0000 
0000 
0000 
0000 
0000 
0000 
0000 
0000 
0000 
0000 
0000 
0000 
0000 
0000 
0000 
0000 
0000 
0000 
0000 
0000 
0000 
0000 
0000 
0000 
0000 
0000 
0000 
0000 
0000 
0000 
0000 
0000 
0000 
0000 
0000 
0000 
0000 
0000 
0000 
0000 
0000 
0000 
0000 
0000 
0000 
0000 
0000 
0000 
0000 
0000 
0000 
0000 
0000 
0000 
0000 
0000 
0000 
0000 
0000 
0000 
0000 
0000 
0000 
0000 
0000 
0000 
0000 
0000 
0000 
0000 
0000 
0000 
0000 
0000 
0000 
0000 
0000 
0000 
0000 
0000 
0000 
0000 
0000 
0000 
0000 
0000 
0000 
0000 
0000 
0000 
0000 
0000 
0000 
0000 
0000 
0000 
0000 
0000 
0000 
0000 
0000 
0000 
0000 
0000 
0000 
0000 
0000 
0000 
0000 
0000 
0000 
0000 
0000 
0000 
0000 
0000 
0000 
0000 
0000 
0000 
0000 
0000 
0000 
0000 
0000 
0000 
0000 
0000 
0000 
0000 
0000 
0000 
0000 
0000 
0000 
0000 
0000 
0000 
0000 
0000 
0000 
0000 
0000 
0000 
0000 
0000 
0000 
0000 
0000 
0000 
0000 
0000 
0000 
0000 
0000 
0000 
0000 
0000 
0000 
0000 
0000 
0000 
0000 
0000 
0000 
0000 
0000 
0000 
0000 
0000 
0000 
0000 
0000 
0000 
0000 
0000 
0000 
0000 
0000 
0000 
0000 
0000 
0000 
0000 
0000 
0000 
0000 
0000 
0000 
0000 
0000 
0000 
0000 
0000 
0000 
0000 
0000 
0000 
-1837613064 
32760 
-1831567360 
32760 
1375929112 
32765 
1375929108 
32765 
-1833668639 
32760 
20320 
0000 
4195726 
0000 
4195360 
0000 
1375929112 
32765 
233523745 
0000 
3648808 
0000 
0033 
0000 
1375929328 
32765 
-1837613064 
32760 
-1837666944 
32760 
1375929108 
32765 
1375929312 
32765 
-1831566072 
32760 
0000 
0000 
0003 
0000 
0068 
0000 
0004 
0000 
0000 
0000 
1836992 
0000 
-1831451456 
32760 
1375929472 
32765 
-1831566000 
32760 
0000 
0000 
-1831452312 
32760 
1375929512 
32765 
-1833665761 
32760 
0001 
0000 
-1831566000 
32760 
0001 
0000 
0000 
0000 
0001 
0000 
-1831452312 
32760 
0000 
0000 
0000 
0000 
0000 
0000 
0000 
0000 
-1831451456 
32760 
1375929328 
32765 
-1831567360 
0001 
1375929312 
32765 
233523745 
0000 
4195726 
0000 
-0001 
0000 
8192 
0000 
-1837616664 
32760 
-1831567360 
32760 
0000 
0000 
0000 
0000 
0000 
0000 
0000 
0000 
0000 
825307958 
0000 
0000 
1375929456 
32765 
0000 
0000 
4198887 
0000 
1375929752 
32765 
0000 
0000 
6299784 
0000 
4196928 
0000 
1375930800 
32765 
0000 
0000 
0000 
0000 
1375930576 
32765 
-1833645370 
32760 
0001 
0000 
0000 
0000 
-0001 
-0001 
-1837616664 
32760 
1375929936 
32765 
-1833613021 
32760 
0255 
0000 
0000 
0000 
0000 
0000 
0000 
0000 
623191333 
623191333 
623191333 
623191333 
0000 
0000 
0000 
0000 
0000 
0000 
0000 
0000 
0000 
0000 
0000 
0000 
0000 
0000 
0000 
0000 
0000 
0000 
0000 
0000 
0255 
0000 
0000 
0000 
0000 
0000 
0000 
0000 
0000 
0000 
0000 
0000 
0000 
0000 
0000 
0000 
0000 
0000 
0000 
0000 
0000 
0000 
0000 
0000 
0000 
0000 
0000 
0000 
0000 
0000 
0000 
0000 
6311 
0000 
-1831457632 
32760 
0000 
0000 
0001 
0000 
0000 
0000 
0000 
0000 
1375930576 
32765 
4196928 
0000 
1375930032 
32765 
2147483640 
0000 
4198892 
0000 
0432 
0000 
1375930032 
32765 
0000 
0000 
0007 
0000 
0000 
0000 
0000 
0000 
-1399415808 
-267424697 
0000 
0000 
4196928 
0000 
1375930576 
32765 
4197985 
0000 
1375930808 
32765 
-1831566000 
0004 
0099 
0005 
6311 
0120 
0003 
0003 
0000 
0000 
0001 
0000 
9733152 
0000 
913534561 
3223859 
0000 
0000 
3342385 
3604533 
-1831468999 
32760 
0038 
0000 
1375930368 
32765 
1376764592 
32765 
0000 
0000 
-1831451456 
32760 
1375930160 
32765 
-1831450840 
0001 
1375930144 
32765 
-163754450 
0000 
4195733 
0000 
-0001 
0000 
0000 
0000 
-1837616112 
32760 
-1831567360 
32760 
1375930512 
32765 
1375930608 
32765 
0000 
0000 
-1831450880 
32760 
1375930552 
32765 
-1833665761 
32760 
0000 
0000 
1375930608 
32765 
0000 
0000 
0000 
0000 
0000 
0000 
6299760 
0000 
4196928 
0000 
1375930800 
32765 
0000 
0000 
0000 
0000 
0000 
0000 
-1833645370 
32760 
0001 
0000 
0000 
0000 
1700966438 
0000 
-1837616112 
32760 
1375930752 
32765 
-1833613021 
32760 
65280 
0000 
0000 
0000 
0000 
0000 
0000 
0000 
791621423 
791621423 
791621423 
791621423 
0000 
0000 
0000 
0000 
0000 
0000 
0000 
0000 
0000 
0000 
0000 
0000 
0000 
0000 
0255 
-16776961 
0000 
0000 
0000 
0000 
1835627636 
1600061541 
1869833334 
1952802655 
0001 
0000 
4198733 
0000 
0000 
0000 
0000 
0000 
4198656 
0000 
4196928 
0000 
1375930800 
32765 
-1399415808 
-267424697 
4198656 
0000 
-1837549520 
32760 
0000 
0000 
1375930808 
32765 
0000 
0004 
4197194 
0000 
0000 
0000 
1520664881 
840874130 
4196928 
0000 
1375930800 
32765 
0000 
0000 
0000 
0000 
1768128817 
-840688620 
393445681 
-839934752 
0000 
0000 
0000 
0000 
0000 
0000 
0004 
0000 
4197194 
0000 
4198768 
0000 
0000 
0000 
0000 
0000 
4196928 
0000 
1375930800 
32765 
0000 
0000 
4196969 
0000 
1375930792 
32765 
0028 
0000 
0004 
0000 
1375932907 
32765 
1375932916 
32765 
1375932920 
32765 
1375932923 
32765 
0000 
0000 
1375932933 
32765 
1375932944 
32765 
1375932965 
32765 
1375932988 
32765 
1375933006 
32765 
1375933055 
32765 
1375933079 
32765 
1375933101 
32765 
1375933151 
32765 
1375933171 
32765 
1375933188 
32765 
1375933204 
32765 
1375933239 
32765 
1375933257 
32765 
1375933280 
32765 
1375933348 
32765 
1375933371 
32765 
1375933416 
32765 
1375933427 
32765 
1375934843 
32765 
1375934868 
32765 
1375934887 
32765 
1375934945 
32765 
1375934997 
32765 
1375935038 
32765 
1375935089 
32765 
1375935157 
32765 
1375935180 
32765 
1375935323 
32765 
1375935341 
32765 
1375935374 
32765 
1375935404 
32765 
1375935425 
32765 
1375935467 
32765 
1375935485 
32765 
1375935505 
32765 
1375935524 
32765 
1375935541 
32765 
1375935556 
32765 
1375935610 
32765 
1375935637 
32765 
1375935666 
32765 
1375935684 
32765 
1375935702 
32765 
1375935728 
32765 
1375935759 
32765 
1375935767 
32765 
1375935784 
32765 
1375935799 
32765 
1375935814 
32765 
1375935858 
32765 
1375935876 
32765 
1375935908 
32765 
1375935935 
32765 
1375935949 
32765 
1375936009 
32765 
1375936132 
32765 
1375936150 
32765 
1375936171 
32765 
1375936203 
32765 
1375936218 
32765 
1375936252 
32765 
1375936283 
32765 
1375936294 
32765 
1375936320 
32765 
1375936339 
32765 
1375936373 
32765 
1375936393 
32765 
1375936413 
32765 
1375936448 
32765 
1375936485 
32765 
0000 
0000 
0033 
0000 
1376763904 
32765 
0016 
0000 
-1075053569 
0000 
0006 
0000 
4096 
0000 
0017 
0000 
0100 
0000 
0003 
0000 
4194368 
0000 
0004 
0000 
0056 
0000 
0005 
0000 
0009 
0000 
0007 
0000 
-1833709568 
32760 
0008 
0000 
0000 
0000 
0009 
0000 
4196928 
0000 
0011 
0000 
1000 
0000 
0012 
0000 
1000 
0000 
0013 
0000 
1000 
0000 
0014 
0000 
1000 
0000 
0023 
0000 
0000 
0000 
0025 
0000 
1375931753 
32765 
0026 
0000 
0000 
0000 
0031 
0000 
1375936495 
32765 
0015 
0000 
1375931769 
32765 
0000 
0000 
0000 
0000 
0000 
0000 
-1768132608 
258754476 
154948080 
-1734799524 
909670592 
3421791 
0000 
0000 
0000 
0000 
0000 
0000 
0000 
0000 
0000 
0000 
0000 
0000 
0000 
0000 
0000 
0000 
0000 
0000 
0000 
0000 
0000 
0000 
0000 
0000 
0000 
0000 
0000 
0000 
0000 
0000 
0000 
0000 
0000 
0000 
0000 
0000 
0000 
0000 
0000 
0000 
0000 
0000 
0000 
0000 
0000 
0000 
0000 
0000 
0000 
0000 
0000 
0000 
0000 
0000 
0000 
0000 
0000 
0000 
0000 
0000 
0000 
0000 
0000 
0000 
0000 
0000 
0000 
0000 
0000 
0000 
0000 
0000 
0000 
0000 
0000 
0000 
0000 
0000 
0000 
0000 
0000 
0000 
0000 
0000 
0000 
0000 
0000 
0000 
0000 
0000 
0000 
0000 
0000 
0000 
0000 
0000 
0000 
0000 
0000 
0000 
0000 
0000 
0000 
0000 
0000 
0000 
0000 
0000 
0000 
0000 
0000 
0000 
0000 
0000 
0000 
0000 
0000 
0000 
0000 
0000 
0000 
0000 
0000 
0000 
0000 
0000 
0000 
0000 
0000 
0000 
0000 
0000 
0000 
0000 
0000 
0000 
0000 
0000 
0000 
0000 
0000 
0000 
0000 
0000 
0000 
0000 
0000 
0000 
0000 
0000 
0000 
0000 
0000 
0000 
0000 
0000 
0000 
0000 
0000 
0000 
0000 
0000 
0000 
0000 
0000 
0000 
0000 
0000 
0000 
0000 
0000 
0000 
0000 
0000 
0000 
0000 
0000 
0000 
0000 
0000 
0000 
0000 
0000 
0000 
0000 
0000 
0000 
0000 
0000 
0000 
0000 
0000 
0000 
0000 
0000 
0000 
0000 
0000 
0000 
0000 
0000 
0000 
0000 
0000 
0000 
0000 
0000 
0000 
0000 
0000 
0000 
0000 
0000 
0000 
0000 
0000 
0000 
0000 
0000 
0000 
0000 
0000 
0000 
0000 
0000 
0000 
0000 
0000 
0000 
0000 
0000 
0000 
0000 
0000 
0000 
0000 
0000 
0000 
0000 
0000 
0000 
0000 
0000 
0000 
0000 
0000 
0000 
0000 
0000 
0000 
0000 
0000 
0000 
0000 
0000 
0000 
0000 
0000 
0000 
0000 
0000 
0000 
0000 
0000 
0000 
0000 
0000 
0000 
0000 
0000 
0000 
0000 
0000 
0000 
0000 
0000 
0000 
0000 
0000 
0000 
0000 
0000 
771751936 
1768710959 
7630437 
3158577 
822095921 
891302688 
958412576 
1195661312 
1314149983 
3620178 
1348420428 
1380274241 
1601466429 
1429099600 
942491220 
1598245888 
1380205633 
1028870981 
1348433008 
1414868564 
3681606 
1598506072 
1397966163 
1598967625 
1664959561 
1146617906 
0000 
1000148984 
32756 
1006194688 
32756 
776799640 
32766 
776799636 
32766 
1004093409 
32756 
20320 
0000 
4195726 
0000 
4195360 
0000 
776799640 
32766 
233523745 
0000 
3648808 
0000 
0033 
0000 
776799856 
32766 
1000148984 
32756 
1000095104 
32756 
776799636 
32766 
776799840 
32766 
1006195976 
32756 
0000 
0000 
0003 
0000 
0068 
0000 
0004 
0000 
0000 
0000 
1836992 
0000 
1006310592 
32756 
776800000 
32766 
1006196048 
32756 
0000 
0000 
1006309736 
32756 
776800040 
32766 
1004096287 
32756 
0001 
0000 
1006196048 
32756 
0001 
0000 
0000 
0000 
0001 
0000 
1006309736 
32756 
0000 
0000 
0000 
0000 
0000 
0000 
0000 
0000 
1006310592 
32756 
776799856 
32766 
1006194688 
0001 
776799840 
32766 
233523745 
0000 
4195726 
0000 
-0001 
0000 
8192 
0000 
1000145384 
32756 
1006194688 
32756 
0000 
0000 
0000 
0000 
0000 
0000 
0000 
0000 
0000 
909194038 
0000 
0000 
776799984 
32766 
0000 
0000 
4198887 
0000 
776800280 
32766 
0000 
0000 
6299784 
0000 
4196928 
0000 
776801328 
32766 
0000 
0000 
0000 
0000 
776801104 
32766 
1004116678 
32756 
0001 
0000 
0000 
0000 
-0001 
-0001 
1000145384 
32756 
776800464 
32766 
1004149027 
32756 
0255 
0000 
0000 
0000 
0000 
0000 
0000 
0000 
623191333 
623191333 
623191333 
623191333 
0000 
0000 
0000 
0000 
0000 
0000 
0000 
0000 
0000 
0000 
0000 
0000 
0000 
0000 
0000 
0000 
0000 
0000 
0000 
0000 
0255 
0000 
0000 
0000 
0000 
0000 
0000 
0000 
0000 
0000 
0000 
0000 
0000 
0000 
0000 
0000 
0000 
0000 
0000 
0000 
0000 
0000 
0000 
0000 
0000 
0000 
0000 
0000 
0000 
0000 
0000 
0000 
6316 
0000 
1006304416 
32756 
0000 
0000 
0001 
0000 
0000 
0000 
0000 
0000 
776801104 
32766 
4196928 
0000 
776800560 
32766 
2147483640 
0000 
4198892 
0000 
0432 
0000 
776800560 
32766 
0000 
0000 
0007 
0000 
0000 
0000 
0000 
0000 
-1961026816 
2077350960 
0000 
0000 
4196928 
0000 
776801104 
32766 
4197985 
0000 
776801336 
32766 
1006196048 
0004 
0099 
0003 
6316 
0120 
0003 
0003 
0000 
0000 
0001 
0000 
20214816 
0000 
913534561 
3551539 
0000 
0000 
3735605 
14385 
1006309736 
32756 
0038 
0000 
776800896 
32766 
777757360 
32766 
0000 
0000 
1006310592 
32756 
776800688 
32766 
1006311208 
0001 
776800672 
32766 
-163754450 
0000 
4195733 
0000 
-0001 
0000 
0000 
0000 
1000145936 
32756 
1006194688 
32756 
776801040 
32766 
776801136 
32766 
0000 
0000 
1006311168 
32756 
776801080 
32766 
1004096287 
32756 
0000 
0000 
776801136 
32766 
0000 
0000 
0000 
0000 
0000 
0000 
6299760 
0000 
4196928 
0000 
776801328 
32766 
0000 
0000 
0000 
0000 
0000 
0000 
1004116678 
32756 
0001 
0000 
0000 
0000 
1700966438 
0000 
1000145936 
32756 
776801280 
32766 
1004149027 
32756 
65280 
0000 
0000 
0000 
0000 
0000 
0000 
0000 
791621423 
791621423 
791621423 
791621423 
0000 
0000 
0000 
0000 
0000 
0000 
0000 
0000 
0000 
0000 
0000 
0000 
0000 
0000 
0255 
16711935 
0000 
0000 
0000 
0000 
1835627636 
1600061541 
1869833334 
1952802655 
0001 
0000 
4198733 
0000 
0000 
0000 
0000 
0000 
4198656 
0000 
4196928 
0000 
776801328 
32766 
-1961026816 
2077350960 
4198656 
0000 
1000212528 
32756 
0000 
0000 
776801336 
32766 
0000 
0004 
4197194 
0000 
0000 
0000 
1836198231 
-1823979026 
4196928 
0000 
776801328 
32766 
0000 
0000 
0000 
0000 
1504848215 
1823741428 
1084369239 
1822441042 
0000 
0000 
0000 
0000 
0000 
0000 
0004 
0000 
4197194 
0000 
4198768 
0000 
0000 
0000 
0000 
0000 
4196928 
0000 
776801328 
32766 
0000 
0000 
4196969 
0000 
776801320 
32766 
0028 
0000 
0004 
0000 
776802799 
32766 
776802808 
32766 
776802812 
32766 
776802814 
32766 
0000 
0000 
776802821 
32766 
776802832 
32766 
776802853 
32766 
776802876 
32766 
776802894 
32766 
776802943 
32766 
776802967 
32766 
776802989 
32766 
776803039 
32766 
776803059 
32766 
776803076 
32766 
776803092 
32766 
776803127 
32766 
776803145 
32766 
776803168 
32766 
776803236 
32766 
776803259 
32766 
776803304 
32766 
776803315 
32766 
776804731 
32766 
776804756 
32766 
776804775 
32766 
776804833 
32766 
776804885 
32766 
776804926 
32766 
776804977 
32766 
776805045 
32766 
776805068 
32766 
776805211 
32766 
776805229 
32766 
776805262 
32766 
776805292 
32766 
776805313 
32766 
776805355 
32766 
776805373 
32766 
776805393 
32766 
776805412 
32766 
776805429 
32766 
776805444 
32766 
776805498 
32766 
776805525 
32766 
776805554 
32766 
776805572 
32766 
776805590 
32766 
776805616 
32766 
776805647 
32766 
776805655 
32766 
776805672 
32766 
776805687 
32766 
776805702 
32766 
776805746 
32766 
776805764 
32766 
776805796 
32766 
776805823 
32766 
776805837 
32766 
776805897 
32766 
776806020 
32766 
776806038 
32766 
776806059 
32766 
776806091 
32766 
776806106 
32766 
776806140 
32766 
776806171 
32766 
776806182 
32766 
776806208 
32766 
776806227 
32766 
776806261 
32766 
776806281 
32766 
776806301 
32766 
776806336 
32766 
776806373 
32766 
0000 
0000 
0033 
0000 
777756672 
32766 
0016 
0000 
-1075053569 
0000 
0006 
0000 
4096 
0000 
0017 
0000 
0100 
0000 
0003 
0000 
4194368 
0000 
0004 
0000 
0056 
0000 
0005 
0000 
0009 
0000 
0007 
0000 
1004052480 
32756 
0008 
0000 
0000 
0000 
0009 
0000 
4196928 
0000 
0011 
0000 
1000 
0000 
0012 
0000 
1000 
0000 
0013 
0000 
1000 
0000 
0014 
0000 
1000 
0000 
0023 
0000 
0000 
0000 
0025 
0000 
776802281 
32766 
0026 
0000 
0000 
0000 
0031 
0000 
776806383 
32766 
0015 
0000 
776802297 
32766 
0000 
0000 
0000 
0000 
0000 
0000 
488330496 
-774098805 
-1222133381 
-1412848604 
909670420 
3421791 
0000 
0000 
0000 
0000 
0000 
0000 
0000 
0000 
0000 
0000 
0000 
0000 
0000 
0000 
0000 
0000 
0000 
0000 
0000 
0000 
0000 
0000 
0000 
0000 
0000 
0000 
0000 
0000 
0000 
0000 
0000 
0000 
0000 
0000 
0000 
0000 
0000 
0000 
0000 
0000 
0000 
0000 
0000 
0000 
0000 
0000 
0000 
0000 
0000 
0000 
0000 
0000 
0000 
0000 
0000 
0000 
0000 
0000 
0000 
0000 
0000 
0000 
0000 
0000 
0000 
0000 
0000 
0000 
0000 
0000 
0000 
0000 
0000 
0000 
0000 
0000 
0000 
0000 
0000 
0000 
0000 
0000 
0000 
0000 
0000 
0000 
0000 
0000 
0000 
0000 
0000 
0000 
0000 
0000 
0000 
0000 
0000 
0000 
0000 
0000 
0000 
0000 
0000 
0000 
0000 
0000 
0000 
0000 
0000 
0000 
0000 
0000 
0000 
0000 
0000 
0000 
0000 
0000 
0000 
0000 
0000 
0000 
0000 
771751936 
1768710959 
7630437 
3158577 
540344371 
942743609 
1195661312 
1314149983 
3620178 
1348420428 
1380274241 
1601466429 
1429099600 
942491220 
1598245888 
1380205633 
1028870981 
1348433008 
1414868564 
3681606 
1598506072 
1397966163 
1598967625 
1664959561 
1146617906 
1380409159 
1163150661 
1094999890 
1147093332 
792547913 
796025206 
794978668 
1751607660 
762143860 
1635017060 
1634300975 
1275096935 
1330470723 
1096041806 
1883068754 
1414553460 
1179931950 
1124087853 
1414813004 
1230983749 
1330470733 
1162630468 
1835628605 
1196443392 
1162297695 
1230984270 
1028605518 
1836017711 
1769221989 
795830113 
1970169646 
1395615600 
1735419694 
1701273901 
809137262 
1409298746 
1028477509 
1919251576 
892480877 
1819239222 
1442869871 
1449084244 
1230197317 
876432975 
3485746 
1279608915 
1647263052 
1647275625 
6845281 
1281315921 
1481985609 
1128481119 
1230197573 
1229736258 
1096767828 
1497454412 
1313824595 
1459630397 
1329876553 
1027885399 
909391417 
842019897 
1598245888 
1162696014 
1027819858 
1348433008 
1414868564 
3681606 
1414746197 
1599361601 
1397966163 
1028542281 
2020175477 
1935827258 
1667330676 
1664040308 
1966042479 
1953396066 
1886728053 
1918989427 
1702047092 
1869181811 
808529774 
841953328 
3617845 
1297043015 
1162567493 
1313428057 
1329815367 
1330795598 
1191198028 
1298090836 
1280656463 
1732072261 
980183393 
762016865 
1684632162 
1966761319 
2037672302 
1802790701 
1685024045 
6646901 
1380275029 
1634300989 
1275096935 
1329815379 
1397903180 
1030976061 
1768176176 
993079357 
1815753779 
825245038 
976630587 
809330797 
1768962608 
993014845 
1933194035 
825245039 
976565051 
809332580 
892549937 
1029988922 
859516980 
825244467 
1029989178 
859516980 
825244467 
1030909754 
859516980 
825244465 
1030319418 
1933193264 
926104949 
976303163 
859662195 
859061040 
1029792570 
876294195 
2004105777 
993014589 
1866084916 
875773303 
976368699 
859665523 
875838263 
1031300410 
859517232 
774519346 
1030906228 
859517232 
774519345 
1031432052 
859517232 
774519345 
1029927521 
859517232 
774519345 
1030386273 
859517232 
774519345 
0000 
1917612024 
32514 
1923657728 
32514 
-569437256 
32767 
-569437260 
32767 
1921556449 
32514 
20320 
0000 
4195726 
0000 
4195360 
0000 
-569437256 
32767 
233523745 
0000 
3648808 
0000 
0033 
0000 
-569437040 
32767 
1917612024 
32514 
1917558144 
32514 
-569437260 
32767 
-569437056 
32767 
1923659016 
32514 
0000 
0000 
0003 
0000 
0068 
0000 
0004 
0000 
0000 
0000 
1836992 
0000 
1923773632 
32514 
-569436896 
32767 
1923659088 
32514 
0000 
0000 
1923772776 
32514 
-569436856 
32767 
1921559327 
32514 
0001 
0000 
1923659088 
32514 
0001 
0000 
0000 
0000 
0001 
0000 
1923772776 
32514 
0000 
0000 
0000 
0000 
0000 
0000 
0000 
0000 
1923773632 
32514 
-569437040 
32767 
1923657728 
0001 
-569437056 
32767 
233523745 
0000 
4195726 
0000 
-0001 
0000 
8192 
0000 
1917608424 
32514 
1923657728 
32514 
0000 
0000 
0000 
0000 
0000 
0000 
0000 
0000 
0000 
859190326 
0000 
0000 
-569436912 
32767 
0000 
0000 
4198887 
0000 
-569436616 
32767 
0000 
0000 
6299784 
0000 
4196928 
0000 
-569435568 
32767 
0000 
0000 
0000 
0000 
-569435792 
32767 
1921579718 
32514 
0001 
0000 
0000 
0000 
-0001 
-0001 
1917608424 
32514 
-569436432 
32767 
1921612067 
32514 
0255 
0000 
0000 
0000 
0000 
0000 
0000 
0000 
623191333 
623191333 
623191333 
623191333 
0000 
0000 
0000 
0000 
0000 
0000 
0000 
0000 
0000 
0000 
0000 
0000 
0000 
0000 
0000 
0000 
0000 
0000 
0000 
0000 
0255 
0000 
0000 
0000 
0000 
0000 
0000 
0000 
0000 
0000 
0000 
0000 
0000 
0000 
0000 
0000 
0000 
0000 
0000 
0000 
0000 
0000 
0000 
0000 
0000 
0000 
0000 
0000 
0000 
0000 
0000 
0000 
6463 
0000 
1923767456 
32514 
0000 
0000 
0001 
0000 
0000 
0000 
0000 
0000 
-569435792 
32767 
4196928 
0000 
-569436336 
32767 
2147483640 
0000 
4198892 
0000 
0432 
0000 
-569436336 
32767 
0000 
0000 
0007 
0000 
0000 
0000 
0000 
0000 
66194688 
1129918501 
0000 
0000 
4196928 
0000 
-569435792 
32767 
4197985 
0000 
-569435560 
32767 
1923659088 
0004 
0099 
0010 
6463 
0120 
0003 
0003 
0000 
0000 
0001 
0000 
32953376 
0000 
913534561 
3356212 
0000 
0000 
3276849 
3407923 
3538997 
3670071 
960036921 
0000 
-569436000 
32767 
-568954192 
32767 
0000 
0000 
1923773632 
32514 
-569436208 
32767 
1923774248 
0001 
-569436224 
32767 
-163754450 
0000 
4195733 
0000 
-0001 
0000 
0000 
0000 
1917608976 
32514 
1923657728 
32514 
-569435856 
32767 
-569435760 
32767 
0000 
0000 
1923774208 
32514 
-569435816 
32767 
1921559327 
32514 
0000 
0000 
-569435760 
32767 
0000 
0000 
0000 
0000 
0000 
0000 
6299760 
0000 
4196928 
0000 
-569435568 
32767 
0000 
0000 
0000 
0000 
0000 
0000 
1921579718 
32514 
0001 
0000 
0000 
0000 
1700966438 
0000 
1917608976 
32514 
-569435616 
32767 
1921612067 
32514 
65280 
0000 
0000 
0000 
0000 
0000 
0000 
0000 
791621423 
791621423 
791621423 
791621423 
0000 
0000 
0000 
0000 
0000 
0000 
0000 
0000 
0000 
0000 
0000 
0000 
0000 
0000 
0255 
-16776961 
0000 
0000 
0000 
0000 
1835627636 
1600061541 
1869833334 
1952802655 
0001 
0000 
4198733 
0000 
0000 
0000 
0000 
0000 
4198656 
0000 
4196928 
0000 
-569435568 
32767 
66194688 
1129918501 
4198656 
0000 
1917675568 
32514 
0000 
0000 
-569435560 
32767 
0000 
0004 
4197194 
0000 
0000 
0000 
2082571928 
-554184983 
4196928 
0000 
-569435568 
32767 
0000 
0000 
0000 
0000 
1830913688 
554201719 
-1846442344 
552807155 
0000 
0000 
0000 
0000 
0000 
0000 
0004 
0000 
4197194 
0000 
4198768 
0000 
0000 
0000 
0000 
0000 
4196928 
0000 
-569435568 
32767 
0000 
0000 
4196969 
0000 
-569435576 
32767 
0028 
0000 
0004 
0000 
-569429536 
32767 
-569429527 
32767 
-569429523 
32767 
-569429520 
32767 
0000 
0000 
-569429499 
32767 
-569429488 
32767 
-569429467 
32767 
-569429444 
32767 
-569429426 
32767 
-569429377 
32767 
-569429353 
32767 
-569429331 
32767 
-569429281 
32767 
-569429261 
32767 
-569429244 
32767 
-569429228 
32767 
-569429193 
32767 
-569429175 
32767 
-569429152 
32767 
-569429084 
32767 
-569429061 
32767 
-569429016 
32767 
-569429005 
32767 
-569427589 
32767 
-569427564 
32767 
-569427545 
32767 
-569427487 
32767 
-569427435 
32767 
-569427394 
32767 
-569427343 
32767 
-569427275 
32767 
-569427252 
32767 
-569427109 
32767 
-569427091 
32767 
-569427058 
32767 
-569427028 
32767 
-569427007 
32767 
-569426965 
32767 
-569426947 
32767 
-569426927 
32767 
-569426908 
32767 
-569426891 
32767 
-569426876 
32767 
-569426822 
32767 
-569426795 
32767 
-569426766 
32767 
-569426748 
32767 
-569426730 
32767 
-569426704 
32767 
-569426673 
32767 
-569426665 
32767 
-569426648 
32767 
-569426633 
32767 
-569426618 
32767 
-569426574 
32767 
-569426556 
32767 
-569426524 
32767 
-569426497 
32767 
-569426483 
32767 
-569426423 
32767 
-569426300 
32767 
-569426282 
32767 
-569426261 
32767 
-569426229 
32767 
-569426214 
32767 
-569426180 
32767 
-569426149 
32767 
-569426138 
32767 
-569426112 
32767 
-569426093 
32767 
-569426059 
32767 
-569426039 
32767 
-569426019 
32767 
-569425984 
32767 
-569425947 
32767 
0000 
0000 
0033 
0000 
-568954880 
32767 
0016 
0000 
-1075053569 
0000 
0006 
0000 
4096 
0000 
0017 
0000 
0100 
0000 
0003 
0000 
4194368 
0000 
0004 
0000 
0056 
0000 
0005 
0000 
0009 
0000 
0007 
0000 
1921515520 
32514 
0008 
0000 
0000 
0000 
0009 
0000 
4196928 
0000 
0011 
0000 
1000 
0000 
0012 
0000 
1000 
0000 
0013 
0000 
1000 
0000 
0014 
0000 
1000 
0000 
0023 
0000 
0000 
0000 
0025 
0000 
-569434615 
32767 
0026 
0000 
0000 
0000 
0031 
0000 
-569425937 
32767 
0015 
0000 
-569434599 
32767 
0000 
0000 
0000 
0000 
0000 
0000 
-233993216 
1496327427 
883888195 
1282374631 
909670595 
3421791 
0000 
0000 
0000 
0000 
0000 
0000 
0000 
0000 
0000 
0000 
0000 
0000 
0000 
0000 
0000 
0000 
0000 
0000 
0000 
0000 
0000 
0000 
0000 
0000 
0000 
0000 
0000 
0000 
0000 
0000 
0000 
0000 
0000 
0000 
0000 
0000 
0000 
0000 
0000 
0000 
0000 
0000 
0000 
0000 
0000 
0000 
0000 
0000 
0000 
0000 
0000 
0000 
0000 
0000 
0000 
0000 
0000 
0000 
0000 
0000 
0000 
0000 
0000 
0000 
0000 
0000 
0000 
0000 
0000 
0000 
0000 
0000 
0000 
0000 
0000 
0000 
0000 
0000 
0000 
0000 
0000 
0000 
0000 
0000 
0000 
0000 
0000 
0000 
0000 
0000 
0000 
0000 
0000 
0000 
0000 
0000 
0000 
0000 
0000 
0000 
0000 
0000 
0000 
0000 
0000 
0000 
0000 
0000 
0000 
0000 
0000 
0000 
0000 
0000 
0000 
0000 
0000 
0000 
0000 
0000 
0000 
0000 
0000 
0000 
0000 
0000 
0000 
0000 
0000 
0000 
0000 
0000 
0000 
0000 
0000 
0000 
0000 
0000 
0000 
0000 
0000 
0000 
0000 
0000 
0000 
0000 
0000 
0000 
0000 
0000 
0000 
0000 
0000 
0000 
0000 
0000 
0000 
0000 
0000 
0000 
0000 
0000 
0000 
0000 
0000 
0000 
0000 
0000 
0000 
0000 
0000 
0000 
0000 
0000 
0000 
0000 
0000 
0000 
0000 
0000 
0000 
0000 
0000 
0000 
0000 
0000 
0000 
0000 
0000 
0000 
0000 
0000 
0000 
0000 
0000 
0000 
0000 
0000 
0000 
0000 
0000 
0000 
0000 
0000 
0000 
0000 
0000 
0000 
0000 
0000 
0000 
0000 
0000 
0000 
0000 
0000 
0000 
0000 
0000 
0000 
0000 
0000 
0000 
0000 
0000 
0000 
0000 
0000 
0000 
0000 
0000 
0000 
0000 
0000 
0000 
0000 
0000 
0000 
0000 
0000 
0000 
0000 
0000 
0000 
0000 
0000 
0000 
0000 
0000 
0000 
0000 
0000 
0000 
0000 
0000 
0000 
0000 
0000 
0000 
0000 
0000 
0000 
0000 
0000 
0000 
0000 
0000 
0000 
0000 
0000 
0000 
0000 
0000 
0000 
0000 
0000 
0000 
0000 
0000 
0000 
0000 
0000 
0000 
0000 
0000 
0000 
0000 
0000 
0000 
0000 
0000 
0000 
0000 
0000 
0000 
0000 
0000 
0000 
0000 
0000 
0000 
0000 
0000 
0000 
0000 
0000 
0000 
0000 
0000 
283246584 
32540 
289292288 
32540 
-1112041192 
32766 
-1112041196 
32766 
287191009 
32540 
20320 
0000 
4195726 
0000 
4195360 
0000 
-1112041192 
32766 
233523745 
0000 
3648808 
0000 
0033 
0000 
-1112040976 
32766 
283246584 
32540 
283192704 
32540 
-1112041196 
32766 
-1112040992 
32766 
289293576 
32540 
0000 
0000 
0003 
0000 
0068 
0000 
0004 
0000 
0000 
0000 
1836992 
0000 
289408192 
32540 
-1112040832 
32766 
289293648 
32540 
0000 
0000 
289407336 
32540 
-1112040792 
32766 
287193887 
32540 
0001 
0000 
289293648 
32540 
0001 
0000 
0000 
0000 
0001 
0000 
289407336 
32540 
0000 
0000 
0000 
0000 
0000 
0000 
0000 
0000 
289408192 
32540 
-1112040976 
32766 
289292288 
0001 
-1112040992 
32766 
233523745 
0000 
4195726 
0000 
-0001 
0000 
8192 
0000 
283242984 
32540 
289292288 
32540 
0000 
0000 
0000 
0000 
0000 
0000 
0000 
0000 
0000 
859255862 
0000 
0000 
-1112040848 
32766 
0000 
0000 
4198887 
0000 
-1112040552 
32766 
0000 
0000 
6299784 
0000 
4196928 
0000 
-1112039504 
32766 
0000 
0000 
0000 
0000 
-1112039728 
32766 
287214278 
32540 
0001 
0000 
0000 
0000 
-0001 
-0001 
283242984 
32540 
-1112040368 
32766 
287246627 
32540 
0255 
0000 
0000 
0000 
0000 
0000 
0000 
0000 
623191333 
623191333 
623191333 
623191333 
0000 
0000 
0000 
0000 
0000 
0000 
0000 
0000 
0000 
0000 
0000 
0000 
0000 
0000 
0000 
0000 
0000 
0000 
0000 
0000 
0255 
0000 
0000 
0000 
0000 
0000 
0000 
0000 
0000 
0000 
0000 
0000 
0000 
0000 
0000 
0000 
0000 
0000 
0000 
0000 
0000 
0000 
0000 
0000 
0000 
0000 
0000 
0000 
0000 
0000 
0000 
0000 
6473 
0000 
289402016 
32540 
0000 
0000 
0001 
0000 
0000 
0000 
0000 
0000 
-1112039728 
32766 
4196928 
0000 
-1112040272 
32766 
2147483640 
0000 
4198892 
0000 
0432 
0000 
-1112040272 
32766 
0000 
0000 
0007 
0000 
0000 
0000 
0000 
0000 
-552230912 
-1087835113 
0000 
0000 
4196928 
0000 
-1112039728 
32766 
4197985 
0000 
-1112039496 
32766 
289293648 
0004 
0099 
0010 
6473 
0120 
0003 
0003 
0000 
0000 
0001 
0000 
20833312 
0000 
913534561 
3356468 
0000 
0000 
3276849 
3407923 
3538997 
3670071 
808517689 
0000 
-1112039936 
32766 
-1111612752 
32766 
0000 
0000 
289408192 
32540 
-1112040144 
32766 
289408808 
0001 
-1112040160 
32766 
-163754450 
0000 
4195733 
0000 
-0001 
0000 
0000 
0000 
283243536 
32540 
289292288 
32540 
-1112039792 
32766 
-1112039696 
32766 
0000 
0000 
289408768 
32540 
-1112039752 
32766 
287193887 
32540 
0000 
0000 
-1112039696 
32766 
0000 
0000 
0000 
0000 
0000 
0000 
6299760 
0000 
4196928 
0000 
-1112039504 
32766 
0000 
0000 
0000 
0000 
0000 
0000 
287214278 
32540 
0001 
0000 
0000 
0000 
1700966438 
0000 
283243536 
32540 
-1112039552 
32766 
287246627 
32540 
65280 
0000 
0000 
0000 
0000 
0000 
0000 
0000 
791621423 
791621423 
791621423 
791621423 
0000 
0000 
0000 
0000 
0000 
0000 
0000 
0000 
0000 
0000 
0000 
0000 
0000 
0000 
0255 
-16776961 
0000 
0000 
0000 
0000 
1835627636 
1600061541 
1869833334 
1952802655 
0001 
0000 
4198733 
0000 
0000 
0000 
0000 
0000 
4198656 
0000 
4196928 
0000 
-1112039504 
32766 
-552230912 
-1087835113 
4198656 
0000 
283310128 
32540 
0000 
0000 
-1112039496 
32766 
0000 
0004 
4197194 
0000 
0000 
0000 
-126115990 
-1882607115 
4196928 
0000 
-1112039504 
32766 
0000 
0000 
0000 
0000 
-407134358 
1882507802 
900439914 
1911656624 
0000 
0000 
0000 
0000 
0000 
0000 
0004 
0000 
4197194 
0000 
4198768 
0000 
0000 
0000 
0000 
0000 
4196928 
0000 
-1112039504 
32766 
0000 
0000 
4196969 
0000 
-1112039512 
32766 
0028 
0000 
0004 
0000 
-1112034848 
32766 
-1112034839 
32766 
-1112034835 
32766 
-1112034832 
32766 
0000 
0000 
-1112034811 
32766 
-1112034800 
32766 
-1112034779 
32766 
-1112034756 
32766 
-1112034738 
32766 
-1112034689 
32766 
-1112034665 
32766 
-1112034643 
32766 
-1112034593 
32766 
-1112034573 
32766 
-1112034556 
32766 
-1112034540 
32766 
-1112034505 
32766 
-1112034487 
32766 
-1112034464 
32766 
-1112034396 
32766 
-1112034373 
32766 
-1112034328 
32766 
-1112034317 
32766 
-1112032901 
32766 
-1112032876 
32766 
-1112032857 
32766 
-1112032799 
32766 
-1112032747 
32766 
-1112032706 
32766 
-1112032655 
32766 
-1112032587 
32766 
-1112032564 
32766 
-1112032421 
32766 
-1112032403 
32766 
-1112032370 
32766 
-1112032340 
32766 
-1112032319 
32766 
-1112032277 
32766 
-1112032259 
32766 
-1112032239 
32766 
-1112032220 
32766 
-1112032203 
32766 
-1112032188 
32766 
-1112032134 
32766 
-1112032107 
32766 
-1112032078 
32766 
-1112032060 
32766 
-1112032042 
32766 
-1112032016 
32766 
-1112031985 
32766 
-1112031977 
32766 
-1112031960 
32766 
-1112031945 
32766 
-1112031930 
32766 
-1112031886 
32766 
-1112031868 
32766 
-1112031836 
32766 
-1112031809 
32766 
-1112031795 
32766 
-1112031735 
32766 
-1112031612 
32766 
-1112031594 
32766 
-1112031573 
32766 
-1112031541 
32766 
-1112031526 
32766 
-1112031492 
32766 
-1112031461 
32766 
-1112031450 
32766 
-1112031424 
32766 
-1112031405 
32766 
-1112031371 
32766 
-1112031351 
32766 
-1112031331 
32766 
-1112031296 
32766 
-1112031259 
32766 
0000 
0000 
0033 
0000 
-1111613440 
32766 
0016 
0000 
-1075053569 
0000 
0006 
0000 
4096 
0000 
0017 
0000 
0100 
0000 
0003 
0000 
4194368 
0000 
0004 
0000 
0056 
0000 
0005 
0000 
0009 
0000 
0007 
0000 
287150080 
32540 
0008 
0000 
0000 
0000 
0009 
0000 
4196928 
0000 
0011 
0000 
1000 
0000 
0012 
0000 
1000 
0000 
0013 
0000 
1000 
0000 
0014 
0000 
1000 
0000 
0023 
0000 
0000 
0000 
0025 
0000 
-1112038551 
32766 
0026 
0000 
0000 
0000 
0031 
0000 
-1112031249 
32766 
0015 
0000 
-1112038535 
32766 
0000 
0000 
0000 
0000 
0000 
0000 
362841088 
687085535 
-1158857281 
-1253579560 
909670607 
3421791 
0000 
0000 
0000 
0000 
0000 
0000 
0000 
0000 
0000 
0000 
0000 
0000 
0000 
0000 
0000 
0000 
0000 
0000 
0000 
0000 
0000 
0000 
0000 
0000 
0000 
0000 
0000 
0000 
0000 
0000 
0000 
0000 
0000 
0000 
0000 
0000 
0000 
0000 
0000 
0000 
0000 
0000 
0000 
0000 
0000 
0000 
0000 
0000 
0000 
0000 
0000 
0000 
0000 
0000 
0000 
0000 
0000 
0000 
0000 
0000 
0000 
0000 
0000 
0000 
0000 
0000 
0000 
0000 
0000 
0000 
0000 
0000 
0000 
0000 
0000 
0000 
0000 
0000 
0000 
0000 
0000 
0000 
0000 
0000 
0000 
0000 
0000 
0000 
0000 
0000 
0000 
0000 
0000 
0000 
0000 
0000 
0000 
0000 
0000 
0000 
0000 
0000 
0000 
0000 
0000 
0000 
0000 
0000 
0000 
0000 
0000 
0000 
0000 
0000 
0000 
0000 
0000 
0000 
0000 
0000 
0000 
0000 
0000 
0000 
0000 
0000 
0000 
0000 
0000 
0000 
0000 
0000 
0000 
0000 
0000 
0000 
0000 
0000 
0000 
0000 
0000 
0000 
0000 
0000 
0000 
0000 
0000 
0000 
0000 
0000 
0000 
0000 
0000 
0000 
0000 
0000 
0000 
0000 
0000 
0000 
0000 
0000 
0000 
0000 
0000 
0000 
0000 
0000 
0000 
0000 
0000 
0000 
0000 
0000 
0000 
0000 
0000 
0000 
0000 
0000 
0000 
0000 
0000 
0000 
0000 
0000 
0000 
0000 
0000 
0000 
0000 
0000 
0000 
0000 
0000 
0000 
0000 
0000 
0000 
0000 
0000 
0000 
0000 
0000 
0000 
0000 
0000 
0000 
0000 
0000 
0000 
0000 
0000 
0000 
0000 
0000 
0000 
0000 
0000 
0000 
0000 
0000 
0000 
0000 
0000 
0000 
0000 
0000 
0000 
0000 
0000 
0000 
0000 
0000 
0000 
0000 
0000 
0000 
0000 
0000 
0000 
0000 
0000 
0000 
0000 
0000 
0000 
0000 
0000 
0000 
0000 
0000 
0000 
0000 
0000 
0000 
0000 
0000 
0000 
0000 
0000 
0000 
0000 
0000 
0000 
0000 
0000 
0000 
0000 
0000 
0000 
0000 
0000 
0000 
0000 
0000 
0000 
0000 
0000 
0000 
0000 
0000 
0000 
0000 
0000 
0000 
0000 
0000 
0000 
0000 
0000 
0000 
0000 
0000 
0000 
0000 
0000 
0000 
0000 
0000 
0000 
0000 
0000 
0000 
0000 
0000 
0000 
0000 
0000 
-641544200 
32626 
-635498496 
32626 
27259192 
32765 
27259188 
32765 
-637599775 
32626 
20320 
0000 
4195726 
0000 
4195360 
0000 
27259192 
32765 
233523745 
0000 
3648808 
0000 
0033 
0000 
27259408 
32765 
-641544200 
32626 
-641598080 
32626 
27259188 
32765 
27259392 
32765 
-635497208 
32626 
0000 
0000 
0003 
0000 
0068 
0000 
0004 
0000 
0000 
0000 
1836992 
0000 
-635382592 
32626 
27259552 
32765 
-635497136 
32626 
0000 
0000 
-635383448 
32626 
27259592 
32765 
-637596897 
32626 
0001 
0000 
-635497136 
32626 
0001 
0000 
0000 
0000 
0001 
0000 
-635383448 
32626 
0000 
0000 
0000 
0000 
0000 
0000 
0000 
0000 
-635382592 
32626 
27259408 
32765 
-635498496 
0001 
27259392 
32765 
233523745 
0000 
4195726 
0000 
-0001 
0000 
8192 
0000 
-641547800 
32626 
-635498496 
32626 
0000 
0000 
0000 
0000 
0000 
0000 
0000 
0000 
0000 
959919158 
0000 
0000 
27259536 
32765 
0000 
0000 
4198887 
0000 
27259832 
32765 
0000 
0000 
6299784 
0000 
4196928 
0000 
27260880 
32765 
0000 
0000 
0000 
0000 
27260656 
32765 
-637576506 
32626 
0001 
0000 
0000 
0000 
-0001 
-0001 
-641547800 
32626 
27260016 
32765 
-637544157 
32626 
0255 
0000 
0000 
0000 
0000 
0000 
0000 
0000 
623191333 
623191333 
623191333 
623191333 
0000 
0000 
0000 
0000 
0000 
0000 
0000 
0000 
0000 
0000 
0000 
0000 
0000 
0000 
0000 
0000 
0000 
0000 
0000 
0000 
0255 
0000 
0000 
0000 
0000 
0000 
0000 
0000 
0000 
0000 
0000 
0000 
0000 
0000 
0000 
0000 
0000 
0000 
0000 
0000 
0000 
0000 
0000 
0000 
0000 
0000 
0000 
0000 
0000 
0000 
0000 
0000 
6479 
0000 
-635388768 
32626 
0000 
0000 
0001 
0000 
0000 
0000 
0000 
0000 
27260656 
32765 
4196928 
0000 
27260112 
32765 
2147483640 
0000 
4198892 
0000 
0432 
0000 
27260112 
32765 
0000 
0000 
0007 
0000 
0000 
0000 
0000 
0000 
1621820160 
1074158492 
0000 
0000 
4196928 
0000 
27260656 
32765 
4197985 
0000 
27260888 
32765 
-635497136 
0004 
0099 
0005 
6479 
0120 
0003 
0003 
0000 
0000 
0001 
0000 
37209120 
0000 
913534561 
3749684 
0000 
0000 
3342385 
3604533 
-635436999 
32626 
0038 
0000 
27260448 
32765 
28598960 
32765 
0000 
0000 
-635382592 
32626 
27260240 
32765 
-635381976 
0001 
27260224 
32765 
-163754450 
0000 
4195733 
0000 
-0001 
0000 
0000 
0000 
-641547248 
32626 
-635498496 
32626 
27260592 
32765 
27260688 
32765 
0000 
0000 
-635382016 
32626 
27260632 
32765 
-637596897 
32626 
0000 
0000 
27260688 
32765 
0000 
0000 
0000 
0000 
0000 
0000 
6299760 
0000 
4196928 
0000 
27260880 
32765 
0000 
0000 
0000 
0000 
0000 
0000 
-637576506 
32626 
0001 
0000 
0000 
0000 
1700966438 
0000 
-641547248 
32626 
27260832 
32765 
-637544157 
32626 
65280 
0000 
0000 
0000 
0000 
0000 
0000 
0000 
791621423 
791621423 
791621423 
791621423 
0000 
0000 
0000 
0000 
0000 
0000 
0000 
0000 
0000 
0000 
0000 
0000 
0000 
0000 
0255 
-16776961 
0000 
0000 
0000 
0000 
1835627636 
1600061541 
1869833334 
1952802655 
0001 
0000 
4198733 
0000 
0000 
0000 
0000 
0000 
4198656 
0000 
4196928 
0000 
27260880 
32765 
1621820160 
1074158492 
4198656 
0000 
-641480656 
32626 
0000 
0000 
27260888 
32765 
0000 
0004 
4197194 
0000 
0000 
0000 
-93517523 
-895991684 
4196928 
0000 
27260880 
32765 
0000 
0000 
0000 
0000 
913115437 
895632323 
1472006445 
880669563 
0000 
0000 
0000 
0000 
0000 
0000 
0004 
0000 
4197194 
0000 
4198768 
0000 
0000 
0000 
0000 
0000 
4196928 
0000 
27260880 
32765 
0000 
0000 
4196969 
0000 
27260872 
32765 
0028 
0000 
0004 
0000 
27267563 
32765 
27267572 
32765 
27267576 
32765 
27267579 
32765 
0000 
0000 
27267589 
32765 
27267600 
32765 
27267621 
32765 
27267644 
32765 
27267662 
32765 
27267711 
32765 
27267735 
32765 
27267757 
32765 
27267807 
32765 
27267827 
32765 
27267844 
32765 
27267860 
32765 
27267895 
32765 
27267913 
32765 
27267936 
32765 
27268004 
32765 
27268027 
32765 
27268072 
32765 
27268083 
32765 
27269499 
32765 
27269524 
32765 
27269543 
32765 
27269601 
32765 
27269653 
32765 
27269694 
32765 
27269745 
32765 
27269813 
32765 
27269836 
32765 
27269979 
32765 
27269997 
32765 
27270030 
32765 
27270060 
32765 
27270081 
32765 
27270123 
32765 
27270141 
32765 
27270161 
32765 
27270180 
32765 
27270197 
32765 
27270212 
32765 
27270266 
32765 
27270293 
32765 
27270322 
32765 
27270340 
32765 
27270358 
32765 
27270384 
32765 
27270415 
32765 
27270423 
32765 
27270440 
32765 
27270455 
32765 
27270470 
32765 
27270514 
32765 
27270532 
32765 
27270564 
32765 
27270591 
32765 
27270605 
32765 
27270665 
32765 
27270788 
32765 
27270806 
32765 
27270827 
32765 
27270859 
32765 
27270874 
32765 
27270908 
32765 
27270939 
32765 
27270950 
32765 
27270976 
32765 
27270995 
32765 
27271029 
32765 
27271049 
32765 
27271069 
32765 
27271104 
32765 
27271141 
32765 
0000 
0000 
0033 
0000 
28598272 
32765 
0016 
0000 
-1075053569 
0000 
0006 
0000 
4096 
0000 
0017 
0000 
0100 
0000 
0003 
0000 
4194368 
0000 
0004 
0000 
0056 
0000 
0005 
0000 
0009 
0000 
0007 
0000 
-637640704 
32626 
0008 
0000 
0000 
0000 
0009 
0000 
4196928 
0000 
0011 
0000 
1000 
0000 
0012 
0000 
1000 
0000 
0013 
0000 
1000 
0000 
0014 
0000 
1000 
0000 
0023 
0000 
0000 
0000 
0025 
0000 
27261833 
32765 
0026 
0000 
0000 
0000 
0031 
0000 
27271151 
32765 
0015 
0000 
27261849 
32765 
0000 
0000 
0000 
0000 
0000 
0000 
-1425807104 
106667104 
2121020992 
-1763357664 
909670532 
3421791 
0000 
0000 
0000 
0000 
0000 
0000 
0000 
0000 
0000 
0000 
0000 
0000 
0000 
0000 
0000 
0000 
0000 
0000 
0000 
0000 
0000 
0000 
0000 
0000 
0000 
0000 
0000 
0000 
0000 
0000 
0000 
0000 
0000 
0000 
0000 
0000 
0000 
0000 
0000 
0000 
0000 
0000 
0000 
0000 
0000 
0000 
0000 
0000 
0000 
0000 
0000 
0000 
0000 
0000 
0000 
0000 
0000 
0000 
0000 
0000 
0000 
0000 
0000 
0000 
0000 
0000 
0000 
0000 
0000 
0000 
0000 
0000 
0000 
0000 
0000 
0000 
0000 
0000 
0000 
0000 
0000 
0000 
0000 
0000 
0000 
0000 
0000 
0000 
0000 
0000 
0000 
0000 
0000 
0000 
0000 
0000 
0000 
0000 
0000 
0000 
0000 
0000 
0000 
0000 
0000 
0000 
0000 
0000 
0000 
0000 
0000 
0000 
0000 
0000 
0000 
0000 
0000 
0000 
0000 
0000 
0000 
0000 
0000 
0000 
0000 
0000 
0000 
0000 
0000 
0000 
0000 
0000 
0000 
0000 
0000 
0000 
0000 
0000 
0000 
0000 
0000 
0000 
0000 
0000 
0000 
0000 
0000 
0000 
0000 
0000 
0000 
0000 
0000 
0000 
0000 
0000 
0000 
0000 
0000 
0000 
0000 
0000 
0000 
0000 
0000 
0000 
0000 
0000 
0000 
0000 
0000 
0000 
0000 
0000 
0000 
0000 
0000 
0000 
0000 
0000 
0000 
0000 
0000 
0000 
0000 
0000 
0000 
0000 
0000 
0000 
0000 
0000 
0000 
0000 
0000 
0000 
0000 
0000 
0000 
0000 
0000 
0000 
0000 
0000 
0000 
0000 
0000 
0000 
0000 
0000 
0000 
0000 
0000 
0000 
0000 
0000 
0000 
0000 
0000 
0000 
0000 
0000 
0000 
0000 
0000 
0000 
0000 
0000 
0000 
0000 
0000 
0000 
0000 
0000 
0000 
0000 
0000 
0000 
0000 
0000 
0000 
0000 
0000 
0000 
0000 
0000 
0000 
0000 
0000 
0000 
0000 
0000 
0000 
0000 
0000 
0000 
0000 
0000 
0000 
0000 
0000 
0000 
0000 
0000 
0000 
0000 
0000 
0000 
0000 
0000 
0000 
0000 
0000 
0000 
0000 
0000 
0000 
0000 
0000 
0000 
0000 
0000 
0000 
0000 
0000 
0000 
0000 
0000 
0000 
0000 
0000 
0000 
0000 
0000 
0000 
0000 
0000 
0000 
0000 
0000 
0000 
0000 
0000 
0000 
0000 
0000 
0000 
0000 
0000 
588210168 
32685 
594255872 
32685 
133750424 
32764 
133750420 
32764 
592154593 
32685 
20320 
0000 
4195726 
0000 
4195360 
0000 
133750424 
32764 
233523745 
0000 
3648808 
0000 
0033 
0000 
133750640 
32764 
588210168 
32685 
588156288 
32685 
133750420 
32764 
133750624 
32764 
594257160 
32685 
0000 
0000 
0003 
0000 
0068 
0000 
0004 
0000 
0000 
0000 
1836992 
0000 
594371776 
32685 
133750784 
32764 
594257232 
32685 
0000 
0000 
594370920 
32685 
133750824 
32764 
592157471 
32685 
0001 
0000 
594257232 
32685 
0001 
0000 
0000 
0000 
0001 
0000 
594370920 
32685 
0000 
0000 
0000 
0000 
0000 
0000 
0000 
0000 
594371776 
32685 
133750640 
32764 
594255872 
0001 
133750624 
32764 
233523745 
0000 
4195726 
0000 
-0001 
0000 
8192 
0000 
588206568 
32685 
594255872 
32685 
0000 
0000 
0000 
0000 
0000 
0000 
0000 
0000 
0000 
825766966 
0000 
0000 
133750768 
32764 
0000 
0000 
4198887 
0000 
133751064 
32764 
0000 
0000 
6299784 
0000 
4196928 
0000 
133752112 
32764 
0000 
0000 
0000 
0000 
133751888 
32764 
592177862 
32685 
0001 
0000 
0000 
0000 
-0001 
-0001 
588206568 
32685 
133751248 
32764 
592210211 
32685 
0255 
0000 
0000 
0000 
0000 
0000 
0000 
0000 
623191333 
623191333 
623191333 
623191333 
0000 
0000 
0000 
0000 
0000 
0000 
0000 
0000 
0000 
0000 
0000 
0000 
0000 
0000 
0000 
0000 
0000 
0000 
0000 
0000 
0255 
0000 
0000 
0000 
0000 
0000 
0000 
0000 
0000 
0000 
0000 
0000 
0000 
0000 
0000 
0000 
0000 
0000 
0000 
0000 
0000 
0000 
0000 
0000 
0000 
0000 
0000 
0000 
0000 
0000 
0000 
0000 
6481 
0000 
594365600 
32685 
0000 
0000 
0001 
0000 
0000 
0000 
0000 
0000 
133751888 
32764 
4196928 
0000 
133751344 
32764 
2147483640 
0000 
4198892 
0000 
0432 
0000 
133751344 
32764 
0000 
0000 
0007 
0000 
0000 
0000 
0000 
0000 
1261370112 
1302795251 
0000 
0000 
4196928 
0000 
133751888 
32764 
4197985 
0000 
133752120 
32764 
594257232 
0004 
0099 
0003 
6481 
0120 
0003 
0003 
0000 
0000 
0001 
0000 
20780064 
0000 
913534561 
3225652 
0000 
0000 
3735605 
14385 
594370920 
32685 
0038 
0000 
133751680 
32764 
133837488 
32764 
0000 
0000 
594371776 
32685 
133751472 
32764 
594372392 
0001 
133751456 
32764 
-163754450 
0000 
4195733 
0000 
-0001 
0000 
0000 
0000 
588207120 
32685 
594255872 
32685 
133751824 
32764 
133751920 
32764 
0000 
0000 
594372352 
32685 
133751864 
32764 
592157471 
32685 
0000 
0000 
133751920 
32764 
0000 
0000 
0000 
0000 
0000 
0000 
6299760 
0000 
4196928 
0000 
133752112 
32764 
0000 
0000 
0000 
0000 
0000 
0000 
592177862 
32685 
0001 
0000 
0000 
0000 
1700966438 
0000 
588207120 
32685 
133752064 
32764 
592210211 
32685 
65280 
0000 
0000 
0000 
0000 
0000 
0000 
0000 
791621423 
791621423 
791621423 
791621423 
0000 
0000 
0000 
0000 
0000 
0000 
0000 
0000 
0000 
0000 
0000 
0000 
0000 
0000 
0255 
16711935 
0000 
0000 
0000 
0000 
1835627636 
1600061541 
1869833334 
1952802655 
0001 
0000 
4198733 
0000 
0000 
0000 
0000 
0000 
4198656 
0000 
4196928 
0000 
133752112 
32764 
1261370112 
1302795251 
4198656 
0000 
588273712 
32685 
0000 
0000 
133752120 
32764 
0000 
0004 
4197194 
0000 
0000 
0000 
-1229442112 
2106728362 
4196928 
0000 
133752112 
32764 
0000 
0000 
0000 
0000 
1551381440 
-2106978085 
996684736 
-2100799222 
0000 
0000 
0000 
0000 
0000 
0000 
0004 
0000 
4197194 
0000 
4198768 
0000 
0000 
0000 
0000 
0000 
4196928 
0000 
133752112 
32764 
0000 
0000 
4196969 
0000 
133752104 
32764 
0028 
0000 
0004 
0000 
133755375 
32764 
133755384 
32764 
133755388 
32764 
133755390 
32764 
0000 
0000 
133755397 
32764 
133755408 
32764 
133755429 
32764 
133755452 
32764 
133755470 
32764 
133755519 
32764 
133755543 
32764 
133755565 
32764 
133755615 
32764 
133755635 
32764 
133755652 
32764 
133755668 
32764 
133755703 
32764 
133755721 
32764 
133755744 
32764 
133755812 
32764 
133755835 
32764 
133755880 
32764 
133755891 
32764 
133757307 
32764 
133757332 
32764 
133757351 
32764 
133757409 
32764 
133757461 
32764 
133757502 
32764 
133757553 
32764 
133757621 
32764 
133757644 
32764 
133757787 
32764 
133757805 
32764 
133757838 
32764 
133757868 
32764 
133757889 
32764 
133757931 
32764 
133757949 
32764 
133757969 
32764 
133757988 
32764 
133758005 
32764 
133758020 
32764 
133758074 
32764 
133758101 
32764 
133758130 
32764 
133758148 
32764 
133758166 
32764 
133758192 
32764 
133758223 
32764 
133758231 
32764 
133758248 
32764 
133758263 
32764 
133758278 
32764 
133758322 
32764 
133758340 
32764 
133758372 
32764 
133758399 
32764 
133758413 
32764 
133758473 
32764 
133758596 
32764 
133758614 
32764 
133758635 
32764 
133758667 
32764 
133758682 
32764 
133758716 
32764 
133758747 
32764 
133758758 
32764 
133758784 
32764 
133758803 
32764 
133758837 
32764 
133758857 
32764 
133758877 
32764 
133758912 
32764 
133758949 
32764 
0000 
0000 
0033 
0000 
133836800 
32764 
0016 
0000 
-1075053569 
0000 
0006 
0000 
4096 
0000 
0017 
0000 
0100 
0000 
0003 
0000 
4194368 
0000 
0004 
0000 
0056 
0000 
0005 
0000 
0009 
0000 
0007 
0000 
592113664 
32685 
0008 
0000 
0000 
0000 
0009 
0000 
4196928 
0000 
0011 
0000 
1000 
0000 
0012 
0000 
1000 
0000 
0013 
0000 
1000 
0000 
0014 
0000 
1000 
0000 
0023 
0000 
0000 
0000 
0025 
0000 
133753065 
32764 
0026 
0000 
0000 
0000 
0031 
0000 
133758959 
32764 
0015 
0000 
133753081 
32764 
0000 
0000 
0000 
0000 
0000 
0000 
788259840 
-1491864757 
-1790288819 
-532756209 
909670425 
3421791 
0000 
0000 
0000 
0000 
0000 
0000 
0000 
0000 
0000 
0000 
0000 
0000 
0000 
0000 
0000 
0000 
0000 
0000 
0000 
0000 
0000 
0000 
0000 
0000 
0000 
0000 
0000 
0000 
0000 
0000 
0000 
0000 
0000 
0000 
0000 
0000 
0000 
0000 
0000 
0000 
0000 
0000 
0000 
0000 
0000 
0000 
0000 
0000 
0000 
0000 
0000 
0000 
0000 
0000 
0000 
0000 
0000 
0000 
0000 
0000 
0000 
0000 
0000 
0000 
0000 
0000 
0000 
0000 
0000 
0000 
0000 
0000 
0000 
0000 
0000 
0000 
0000 
0000 
0000 
0000 
0000 
0000 
0000 
0000 
0000 
0000 
0000 
0000 
0000 
0000 
0000 
0000 
0000 
0000 
0000 
0000 
0000 
0000 
0000 
0000 
0000 
0000 
0000 
0000 
0000 
0000 
0000 
0000 
0000 
0000 
0000 
0000 
0000 
0000 
0000 
0000 
0000 
0000 
0000 
0000 
0000 
0000 
0000 
0000 
0000 
0000 
0000 
0000 
0000 
0000 
0000 
0000 
0000 
0000 
0000 
0000 
0000 
0000 
0000 
0000 
0000 
0000 
0000 
0000 
0000 
0000 
0000 
0000 
0000 
0000 
0000 
0000 
0000 
0000 
0000 
0000 
0000 
0000 
0000 
0000 
0000 
0000 
0000 
0000 
0000 
0000 
0000 
0000 
0000 
0000 
0000 
0000 
0000 
0000 
0000 
0000 
0000 
0000 
0000 
0000 
0000 
0000 
0000 
0000 
0000 
0000 
0000 
0000 
0000 
0000 
0000 
0000 
0000 
0000 
0000 
0000 
0000 
0000 
0000 
0000 
0000 
0000 
0000 
0000 
0000 
0000 
0000 
0000 
0000 
0000 
0000 
0000 
0000 
0000 
0000 
0000 
0000 
0000 
0000 
0000 
0000 
0000 
0000 
0000 
0000 
0000 
0000 
0000 
0000 
0000 
0000 
0000 
0000 
0000 
0000 
0000 
0000 
0000 
0000 
0000 
0000 
0000 
0000 
0000 
0000 
0000 
0000 
0000 
0000 
0000 
0000 
0000 
0000 
0000 
0000 
0000 
0000 
0000 
0000 
0000 
0000 
0000 
0000 
0000 
0000 
0000 
0000 
0000 
0000 
0000 
0000 
0000 
0000 
0000 
0000 
0000 
0000 
0000 
0000 
0000 
0000 
0000 
0000 
0000 
0000 
0000 
0000 
0000 
0000 
0000 
0000 
0000 
0000 
0000 
0000 
0000 
0000 
0000 
0000 
0000 
0000 
0000 
0000 
0000 
0000 
0000 
0000 
0000 
