<<<<<<< Updated upstream
26799 IDD 
26802 NST 
26805 01.03 0005 
26805 02.03 0009 
26805 03.03 0018 
26807 NAV 
26817 NST 
26819 NAV 
=======
08412 IDD 
08416 NST 
08419 IDD 
08421 10.01 0001 
08421 10.02 0002 
08421 10.03 0003 
08421 10.04 0004 
08421 10.05 0005 
08421 10.06 0006 
08421 10.07 0007 
08421 10.08 0008 
08421 10.09 0009 
08421 10.10 0010 
08425 NST 
08427 IDD 
08499 IDD 
08503 NST 
08505 IDD 
08507 10.01 0001 
08507 10.02 0002 
08507 10.03 0003 
08507 10.04 0004 
08507 10.05 0005 
08507 10.06 0006 
08507 10.07 0007 
08507 10.08 0008 
08507 10.09 0009 
08507 10.10 0010 
08511 NST 
08513 IDD 
08626 IDD 
08629 NST 
08631 IDD 
08633 10.01 0001 
08633 10.02 0002 
08633 10.03 0003 
08633 10.04 0004 
08633 10.05 0005 
08633 10.06 0006 
08633 10.07 0007 
08633 10.08 0008 
08633 10.09 0009 
08633 10.10 0010 
08636 NST 
08638 IDD 
>>>>>>> Stashed changes
