01-OPEN
02-OPEN
02-08876-10: 0001 0002 0003 0004 0005 0006 0007 0008 0009 0099 - 0001 0002 0003 0004 0005 0006 0007 0008 0009 0099
01-08884-09: 0001 0003 0005 0007 0009 - NST
02-08886-03: 0005 0009 0018 - NAV
01-08889-10: 0001 0002 0003 0004 0005 0006 0007 0008 0009 0010 - NAV
01-08897-10: 0001 0003 0005 0007 0009 - NST
02-08900-03: 0005 0009 0018 - NAV
01-08903-04: 0006 0010 0019 0025 0030 0013 - 0010 0019 0025 0030
02-08905-04: 0061 0062 0063 0064 0065 0066 - 0061 0062 0063 0064
01-08907-02: 0065 0066 - 0065 0066
02-CLOSE
01-CLOSE
SERVER CLOSED
